fields 34
worms 5
Wave_Initiation_Rate_Median
22.430677 NaN NaN 49.954641 29.195440 
Wave_Initiation_Rate_Range
20.926377 NaN NaN 44.197783 16.077495 
Body_Wave_Number_Median
1.149727 NaN NaN 0.662545 1.222167 
Body_Wave_Number_Range
1.131344 NaN NaN 0.750164 0.870222 
Asymmetry_Median
-0.004000 NaN NaN -0.017677 -0.003833 
Asymmetry_Range
0.143618 NaN NaN 0.126937 0.106758 
Reverse_Swimming
0.061638 NaN NaN 0.068997 0.000000 
Curling
0.000000 NaN NaN 0.000000 0.000000 
Stretch_Median
0.511489 NaN NaN 0.404122 0.574049 
Stretch_Range
0.210526 NaN NaN 0.275644 0.194457 
Attenuation_Median
67.413692 NaN NaN 27.275888 58.929070 
Attenuation_Range
22.436486 NaN NaN 29.499851 20.754948 
Traveling_Speed_Mean
2.000591 NaN NaN 5.700596 2.285696 
Brush_Stroke_Median
0.051900 NaN NaN 0.109166 0.067041 
Brush_Stroke_Range
0.018834 NaN NaN 0.033905 0.019878 
Activity_Index_Median
54.999298 NaN NaN 132.768437 56.614691 
Activity_Index_Range
67.537100 NaN NaN 133.749543 35.828245 
Wave_Initiation_Rate_10
13.072860 NaN NaN 22.587573 17.474787 
Body_Wave_Number_10
0.453903 NaN NaN 0.220603 0.529174 
Asymmetry_10
-0.090027 NaN NaN -0.102334 -0.050526 
Stretch_10
0.397153 NaN NaN 0.266591 0.481611 
Attenuation_10
52.166485 NaN NaN 11.592018 52.701181 
Brush_Stroke_10
0.042354 NaN NaN 0.092556 0.057229 
Activity_Index_10
29.982469 NaN NaN 57.767603 36.763304 
usability
1.000000 0.000000 0.000000 0.996324 0.994485 
status
valid
rejected
rejected
valid
valid
highThr
71.000000 64.000000 67.000000 69.000000 65.000000 
lowThr
56.000000 39.000000 44.000000 52.000000 50.000000 
prevThr
25.000000 25.000000 25.000000 25.000000 25.000000 
highThrDef
71.000000 64.000000 67.000000 69.000000 65.000000 
lowThrDef
56.000000 39.000000 44.000000 52.000000 50.000000 
prevThrDef
25.000000 25.000000 25.000000 25.000000 25.000000 
manualSeparators





separators
1  545
1  383  391  392  545
1  112  113  226  227  361  362  365  366  373  374  378  379  390  391  545
1    7    9  545
1  204  205  206  208  545
