fields 34
worms 5
Wave_Initiation_Rate_Median
22.090864 22.904544 32.665750 44.214108 29.632224 
Wave_Initiation_Rate_Range
20.974943 22.705723 50.464823 47.564461 14.685689 
Body_Wave_Number_Median
1.258159 1.071217 0.833238 0.677321 1.198737 
Body_Wave_Number_Range
0.985707 0.757207 1.028040 0.849974 0.680871 
Asymmetry_Median
-0.004169 0.038954 -0.014174 -0.020031 -0.004564 
Asymmetry_Range
0.145022 0.199836 0.222229 0.101039 0.102815 
Reverse_Swimming
0.055198 0.061638 0.000000 0.060115 0.000000 
Curling
0.000000 0.000000 3.910615 0.000000 0.000000 
Stretch_Median
0.481813 0.556209 0.578827 0.388039 0.558352 
Stretch_Range
0.183867 0.206469 0.252248 0.244968 0.198550 
Attenuation_Median
67.720839 58.524097 39.122573 29.455957 59.467867 
Attenuation_Range
17.500484 22.279337 39.547138 29.781722 20.954585 
Traveling_Speed_Mean
2.016864 2.736915 3.284348 4.653319 2.341628 
Brush_Stroke_Median
0.081336 0.085044 0.190660 0.089070 0.062521 
Brush_Stroke_Range
0.031036 0.024591 0.112411 0.028099 0.021723 
Activity_Index_Median
55.756689 55.972482 89.565833 138.181698 58.962433 
Activity_Index_Range
71.048960 73.517087 190.954188 142.772915 36.345726 
Wave_Initiation_Rate_10
12.885920 10.553359 10.956979 19.539879 18.367788 
Body_Wave_Number_10
0.696420 0.700786 0.267507 0.179136 0.723436 
Asymmetry_10
-0.091941 -0.068172 -0.109722 -0.097254 -0.050114 
Stretch_10
0.408585 0.477133 0.450706 0.292502 0.482644 
Attenuation_10
57.110218 45.811313 17.538558 16.265246 52.211933 
Brush_Stroke_10
0.066263 0.075773 0.138088 0.077574 0.052721 
Activity_Index_10
28.063891 27.449845 37.677780 69.355680 38.097042 
usability
0.998162 0.998162 0.987132 0.963235 1.000000 
status
valid
valid
valid
valid
valid
highThr
71.000000 61.000000 66.000000 70.000000 65.000000 
lowThr
55.000000 42.000000 44.000000 48.000000 50.000000 
prevThr
25.000000 25.000000 25.000000 25.000000 25.000000 
highThrDef
71.000000 61.000000 66.000000 70.000000 65.000000 
lowThrDef
55.000000 42.000000 44.000000 48.000000 50.000000 
prevThrDef
25.000000 25.000000 25.000000 25.000000 25.000000 
manualSeparators





separators
1  541  542  545
1  321  322  545
1  112  113  169  171  359  360  365  366  381  382  390  391  545
1    9   10  102  121  545
1  545
