fields 34
worms 6
Wave_Initiation_Rate_Median
5.479471 28.175708 21.020656 10.444964 12.712504 NaN 
Wave_Initiation_Rate_Range
0.829008 19.626489 19.774169 12.087912 10.970269 NaN 
Body_Wave_Number_Median
1.710535 1.174422 0.886259 1.407087 1.447102 NaN 
Body_Wave_Number_Range
0.332388 0.612153 0.658941 1.097092 1.308560 NaN 
Asymmetry_Median
0.066484 -0.003885 0.008432 -0.012570 0.030975 NaN 
Asymmetry_Range
0.029573 0.090781 0.192069 0.232563 0.172570 NaN 
Reverse_Swimming
0.000000 0.003680 0.146274 0.270469 0.136155 NaN 
Curling
0.000000 0.000000 0.000000 0.000000 0.000000 NaN 
Stretch_Median
0.365126 0.510209 0.612139 0.500316 0.733351 NaN 
Stretch_Range
0.257954 0.137107 0.231365 0.151457 0.133003 NaN 
Attenuation_Median
72.439031 57.040789 9.058198 26.727703 66.426085 NaN 
Attenuation_Range
26.917246 25.274195 31.666614 57.443172 27.719350 NaN 
Traveling_Speed_Mean
0.281960 2.797326 2.774344 2.621371 2.187078 NaN 
Brush_Stroke_Median
0.026947 0.066787 0.105902 0.053961 0.049264 NaN 
Brush_Stroke_Range
0.003575 0.022110 0.024814 0.016867 0.015895 NaN 
Activity_Index_Median
7.449449 64.378599 67.735775 31.519019 33.063825 NaN 
Activity_Index_Range
1.357510 48.650542 71.051628 33.265890 31.874064 NaN 
Wave_Initiation_Rate_10
5.321549 14.246184 13.739716 7.869849 7.438504 NaN 
Body_Wave_Number_10
1.558148 0.821243 0.448290 0.623457 0.477881 NaN 
Asymmetry_10
0.048290 -0.052016 -0.094659 -0.084880 -0.066685 NaN 
Stretch_10
0.257514 0.454813 0.478123 0.417042 0.667310 NaN 
Attenuation_10
59.777212 41.771835 -4.509951 1.896639 50.305038 NaN 
Brush_Stroke_10
0.026056 0.058868 0.092686 0.045807 0.042295 NaN 
Activity_Index_10
6.964323 37.536477 42.692719 21.208322 18.812127 NaN 
usability
0.994485 0.998162 0.992647 1.000000 0.998162 
status
valid
valid
valid
valid
valid
rejected
highThr
55.000000 66.000000 65.000000 68.000000 63.000000 NaN 
lowThr
38.000000 51.000000 50.000000 50.000000 47.000000 0.000000 
prevThr
25.000000 25.000000 25.000000 25.000000 25.000000 25.000000 
highThrDef
55.000000 66.000000 65.000000 68.000000 63.000000 NaN 
lowThrDef
38.000000 51.000000 50.000000 50.000000 47.000000 0.000000 
prevThrDef
25.000000 25.000000 25.000000 25.000000 25.000000 25.000000 
manualSeparators






separators
1  361  362  381  382  441  442  545
1  441  442  545
1   41   42  305  306  401  402  521  522  545
1  545
1  301  302  545
1  545
