fields 34
worms 6
Wave_Initiation_Rate_Median
32.098790 20.691788 6.013547 8.393704 12.706206 NaN 
Wave_Initiation_Rate_Range
23.201184 21.096432 2.735389 19.541471 14.780549 NaN 
Body_Wave_Number_Median
1.064067 1.193143 1.922544 1.637909 1.277658 NaN 
Body_Wave_Number_Range
0.896701 0.783055 0.265787 1.582171 1.128806 NaN 
Asymmetry_Median
0.003009 0.025478 -0.061850 -0.012079 -0.008300 NaN 
Asymmetry_Range
0.185068 0.104241 0.061815 0.040037 0.259908 NaN 
Reverse_Swimming
0.542778 0.058878 0.000000 0.002760 0.311868 NaN 
Curling
0.000000 0.000000 0.000000 0.000000 0.000000 NaN 
Stretch_Median
0.531083 0.521260 0.285693 0.385484 0.569790 NaN 
Stretch_Range
0.118820 0.163152 0.226417 0.232442 0.112538 NaN 
Attenuation_Median
37.990676 52.317268 72.996572 48.928180 35.438525 NaN 
Attenuation_Range
34.142167 28.463683 21.218508 62.204262 43.294537 NaN 
Traveling_Speed_Mean
2.038196 1.838566 0.358051 0.603404 1.690057 NaN 
Brush_Stroke_Median
0.090442 0.056712 0.027262 0.036825 0.052754 NaN 
Brush_Stroke_Range
0.038145 0.012898 0.003702 0.009743 0.022995 NaN 
Activity_Index_Median
86.045801 58.141629 8.173578 15.374107 30.840488 NaN 
Activity_Index_Range
69.951389 61.474789 6.257122 30.371909 41.871540 NaN 
Wave_Initiation_Rate_10
11.443388 11.715352 5.448414 7.090579 8.867422 NaN 
Body_Wave_Number_10
0.528168 0.775579 1.699056 0.284522 0.513336 NaN 
Asymmetry_10
-0.068724 -0.007838 -0.071874 -0.033500 -0.158304 NaN 
Stretch_10
0.476019 0.450082 0.191557 0.258316 0.519465 NaN 
Attenuation_10
14.967766 45.309236 62.540706 8.150470 17.648907 NaN 
Brush_Stroke_10
0.073045 0.049138 0.025787 0.031660 0.042550 NaN 
Activity_Index_10
41.089609 30.076888 7.074873 12.399999 23.068761 NaN 
usability
0.994485 1.000000 0.996324 0.992647 0.996324 
status
valid
valid
valid
valid
valid
rejected
highThr
64.000000 64.000000 61.000000 62.000000 67.000000 NaN 
lowThr
52.000000 41.000000 47.000000 47.000000 52.000000 0.000000 
prevThr
25.000000 25.000000 25.000000 25.000000 25.000000 25.000000 
highThrDef
64.000000 64.000000 61.000000 62.000000 67.000000 NaN 
lowThrDef
52.000000 41.000000 47.000000 47.000000 52.000000 0.000000 
prevThrDef
25.000000 25.000000 25.000000 25.000000 25.000000 25.000000 
manualSeparators






separators
1  421  422  501  502  519  520  545
1  545
1    2  101  102  545
1  143  144  207  208  241  242  501  502  545
1  161  162  223  224  545
1  545
