fields 34
worms 5
Wave_Initiation_Rate_Median
54.874386 65.803747 69.724428 52.912382 49.889266 
Wave_Initiation_Rate_Range
48.109925 33.575860 49.300347 28.746745 25.816896 
Body_Wave_Number_Median
0.672201 0.745681 0.766126 0.854018 0.988054 
Body_Wave_Number_Range
0.529318 0.333371 0.513114 0.421112 0.476936 
Asymmetry_Median
-0.021372 0.005107 -0.010220 0.014082 -0.001155 
Asymmetry_Range
0.092486 0.100218 0.062068 0.051614 0.036747 
Reverse_Swimming
0.013799 0.000000 0.000000 0.000000 0.000000 
Curling
0.000000 0.000000 1.441774 0.000000 0.000000 
Stretch_Median
0.437110 0.377422 0.412906 0.435546 0.409272 
Stretch_Range
0.217584 0.217743 0.264431 0.220397 0.172331 
Attenuation_Median
10.434744 63.297730 57.991683 63.108998 53.279291 
Attenuation_Range
61.096510 27.875355 28.338759 18.316965 20.572877 
Traveling_Speed_Mean
4.355461 4.891629 8.621334 5.387386 4.519661 
Brush_Stroke_Median
0.126396 0.172034 0.203838 0.152585 0.078891 
Brush_Stroke_Range
0.036882 0.055779 0.069000 0.054530 0.029380 
Activity_Index_Median
142.030594 164.571589 198.865361 137.443296 120.196461 
Activity_Index_Range
150.395902 118.856599 160.249122 89.607977 91.327038 
Wave_Initiation_Rate_10
19.049282 32.768683 33.704575 36.844142 34.932304 
Body_Wave_Number_10
0.375887 0.535689 0.342248 0.739758 0.801930 
Asymmetry_10
-0.081620 -0.048448 -0.046824 -0.005500 -0.014825 
Stretch_10
0.361752 0.327586 0.349690 0.311272 0.309691 
Attenuation_10
-25.323351 47.112178 40.722895 52.762093 43.454750 
Brush_Stroke_10
0.108832 0.145302 0.164193 0.130531 0.067941 
Activity_Index_10
48.937390 92.184699 96.019163 82.656439 89.589273 
usability
0.977941 0.994485 0.994485 0.988971 0.992647 
status
valid
valid
valid
valid
valid
highThr
73.000000 74.000000 68.000000 80.000000 76.000000 
lowThr
48.000000 51.000000 42.000000 51.000000 54.000000 
prevThr
25.000000 25.000000 25.000000 25.000000 25.000000 
highThrDef
73.000000 74.000000 68.000000 80.000000 76.000000 
lowThrDef
48.000000 51.000000 42.000000 51.000000 54.000000 
prevThrDef
25.000000 25.000000 25.000000 25.000000 25.000000 
manualSeparators





separators
1   10   14   32   34  130  136  545
1  245  246  329  331  545
1  124  125  365  366  515  516  545
1  233  239  545
1  384  387  457  458  545
