fields 34
worms 5
Wave_Initiation_Rate_Median
42.781488 21.124244 6.911417 6.790392 6.201906 
Wave_Initiation_Rate_Range
48.087833 21.531384 1.118838 5.810322 1.301558 
Body_Wave_Number_Median
1.514498 1.250858 2.365463 1.808140 1.917026 
Body_Wave_Number_Range
0.681760 1.020511 0.504908 0.538776 0.126650 
Asymmetry_Median
0.012358 -0.019125 -0.093690 -0.097333 0.050388 
Asymmetry_Range
0.079079 0.139119 0.013598 0.199565 0.043130 
Reverse_Swimming
0.000000 0.620975 0.000000 0.000000 0.000000 
Curling
0.000000 0.000000 0.000000 0.000000 0.000000 
Stretch_Median
0.409021 0.562783 0.430968 0.498014 0.366931 
Stretch_Range
0.168520 0.210916 0.236685 0.320928 0.229418 
Attenuation_Median
60.597586 39.402005 85.775536 67.130730 69.164378 
Attenuation_Range
33.273570 35.909374 6.649930 18.210495 25.461606 
Traveling_Speed_Mean
1.676061 2.255790 0.261335 0.666063 0.281346 
Brush_Stroke_Median
0.050522 0.055748 0.025737 0.036057 0.027197 
Brush_Stroke_Range
0.013989 0.023896 0.000875 0.019284 0.002924 
Activity_Index_Median
95.765330 54.542222 8.913061 12.388666 8.412443 
Activity_Index_Range
108.109639 61.435332 1.477868 17.968617 1.923996 
Wave_Initiation_Rate_10
10.088440 11.729726 6.352814 5.746255 5.648267 
Body_Wave_Number_10
1.024398 0.450816 2.077818 1.382754 1.835693 
Asymmetry_10
-0.017604 -0.078291 -0.099896 -0.167992 0.023223 
Stretch_10
0.337556 0.488413 0.297755 0.345994 0.265897 
Attenuation_10
44.298977 18.224050 80.747248 60.482116 48.583343 
Brush_Stroke_10
0.042709 0.048557 0.025309 0.032311 0.025680 
Activity_Index_10
21.386137 36.125611 8.145683 9.565604 7.540830 
usability
0.994495 0.996330 1.000000 0.998165 0.996330 
status
valid
valid
valid
valid
valid
highThr
65.000000 71.000000 50.000000 62.000000 53.000000 
lowThr
50.000000 55.000000 40.000000 46.000000 40.000000 
prevThr
25.000000 25.000000 25.000000 25.000000 25.000000 
highThrDef
65.000000 71.000000 50.000000 62.000000 53.000000 
lowThrDef
50.000000 55.000000 40.000000 46.000000 40.000000 
prevThrDef
25.000000 25.000000 25.000000 25.000000 25.000000 
manualSeparators





separators
1  161  162  278  279  545  546
1  129  130  545  546
1  546
1  225  226  546
1  166  167  188  189  546
