format %s_%02d_%s_%04d
block 9
worms 5
frames 10
precision 2
worm 01 frame 0001
x 47743,47979,48399,48849,49370,49900,50483,51013,51519,51957,52360,52731,52989,53240,53559,
y 10751,10443,10388,10388,10320,10100,9944,9724,9724,9906,10138,10423,10759,11086,11128,
w 0,188,223,250,326,403,374,306,274,264,268,223,212,122,0,
t 6774,
g 6609,
m 0,
l 0,
o 0,
worm 01 frame 0002
x 47983,48406,48856,49369,49899,50446,51006,51513,51965,52293,52639,52924,53020,
y 10407,10388,10388,10275,10055,9800,9676,9676,9819,10147,10463,10775,10958,
w 200,279,294,327,399,403,324,290,257,246,269,200,200,
t 6774,
g 6609,
m 0,
l 0,
o 0,
worm 01 frame 0003
x 48051,48408,48843,49344,49853,50400,50947,51452,51890,52270,52555,52751,52795,
y 10810,10583,10466,10308,10043,9788,9616,9660,9841,10108,10479,10855,11056,
w 200,303,339,331,356,401,319,284,274,245,257,255,200,
t 6774,
g 6609,
m 0,
l 0,
o 0,
worm 01 frame 0004
x 48156,48312,48468,48911,49378,49833,50380,50927,51426,51878,52206,52492,52687,52732,
y 10951,10808,10665,10587,10344,9995,9740,9567,9655,9798,10126,10498,10873,11074,
w 200,200,200,326,284,304,380,334,246,297,270,230,225,200,
t 6774,
g 6609,
m 0,
l 0,
o 0,
worm 01 frame 0005
x 48457,48555,48978,49172,49365,49608,49850,50344,50891,51390,51828,52156,52408,52603,52648,
y 11038,10850,10696,10519,10341,10187,10033,9687,9514,9602,9784,10112,10507,10882,11083,
w 200,216,238,228,217,245,272,405,314,298,293,244,282,213,200,
t 6774,
g 6609,
m 0,
l 0,
o 0,
worm 01 frame 0006
x 48545,48674,48858,49042,49220,49414,49608,49819,50313,50874,51378,51799,52154,52334,52529,52574,52650,
y 11196,11028,10899,10770,10576,10398,10187,9993,9647,9523,9567,9786,10084,10517,10893,11094,11278,
w 200,200,202,205,238,275,279,275,399,305,294,292,235,248,200,204,200,
t 6774,
g 6609,
m 0,
l 0,
o 0,
worm 01 frame 0007
x 48845,48957,49102,49295,49455,49630,49842,50336,50896,51401,51821,52088,52304,52466,52545,
y 11147,10952,10780,10602,10394,10166,9972,9626,9502,9546,9765,10146,10561,10952,11142,
w 200,219,207,221,252,284,277,379,298,265,243,243,247,240,214,
t 6774,
g 6609,
m 0,
l 0,
o 0,
worm 01 frame 0008
x 48848,48948,49025,49184,49325,49502,49635,49829,50323,50883,51372,51772,52101,52317,52409,52453,52535,
y 11349,11176,10964,10805,10584,10390,10135,9924,9578,9454,9585,9840,10168,10583,10996,11198,11395,
w 200,200,200,212,222,226,271,320,379,334,276,312,261,283,209,200,200,
t 6774,
g 6609,
m 0,
l 0,
o 0,
worm 01 frame 0009
x 49047,49142,49237,49316,49493,49626,49800,50323,50892,51391,51791,52089,52341,52468,52547,52662,
y 11214,11010,10806,10555,10362,10107,9879,9578,9503,9591,9846,10202,10597,11000,11190,11371,
w 200,200,200,220,249,260,269,379,297,283,318,274,253,240,253,200,
t 6774,
g 6609,
m 0,
l 0,
o 0,
worm 01 frame 0010
x 48947,48947,49060,49155,49276,49398,49591,49803,50325,50899,51397,51774,52130,52381,52577,52621,52703,
y 11348,11148,10953,10749,10516,10283,10071,9877,9576,9551,9639,9927,10226,10621,10996,11197,11395,
w 200,200,200,209,211,214,245,297,368,249,313,245,272,250,223,221,200,
t 6774,
g 6609,
m 0,
l 0,
o 0,
worm 02 frame 0001
x 21395,21718,21870,22073,22289,22648,23155,23650,24127,24600,25195,25619,25940,26290,26653,27046,27388,
y 27536,27669,28037,28389,28762,29038,29174,29174,28977,28850,28928,29173,29494,29763,29972,30135,29993,
w 0,149,198,206,231,253,324,296,316,400,290,254,241,219,225,170,0,
t 7035,
g 7263,
m 0,
l 0,
o 0,
worm 02 frame 0002
x 21653,21787,21839,22042,22165,22289,22671,23178,23657,24160,24642,25237,25639,25986,26336,26699,26921,
y 27371,27694,28088,28440,28617,28794,29037,29173,29044,28933,28848,28926,29207,29499,29767,29977,30016,
w 200,200,239,211,214,217,272,372,347,302,355,306,262,229,234,244,200,
t 7035,
g 7263,
m 0,
l 0,
o 0,
worm 02 frame 0003
x 21749,21801,22005,22128,22267,22669,23175,23654,24146,24628,25201,25602,25923,26273,26636,26858,27031,
y 27689,28083,28435,28612,28777,28986,29122,28994,28838,28753,28934,29215,29536,29804,30014,30053,30153,
w 200,202,215,245,233,288,386,299,342,393,285,274,277,261,200,209,200,
t 7035,
g 7263,
m 0,
l 0,
o 0,
worm 02 frame 0004
x 21749,21835,22007,22114,22267,22686,23202,23681,24184,24667,25239,25640,25961,26286,26649,26844,
y 27681,28069,28438,28624,28777,28950,29041,28913,28801,28716,28897,29178,29499,29797,30006,30119,
w 200,200,216,227,233,251,441,314,399,385,306,239,243,276,200,200,
t 7035,
g 7263,
m 0,
l 0,
o 0,
worm 02 frame 0005
x 21652,21744,21761,21965,22117,22282,22684,23209,23687,24179,24669,25241,25588,25909,26259,26602,26786,26986,
y 27506,27684,28081,28433,28586,28724,28934,28934,28805,28650,28650,28831,29177,29498,29766,30007,30136,30153,
w 200,200,200,234,203,253,324,434,305,359,374,280,276,275,218,218,200,200,
t 7035,
g 7263,
m 0,
l 0,
o 0,
worm 02 frame 0006
x 21663,21749,21952,22104,22291,22710,23234,23700,24204,24691,25224,25599,25891,26216,26596,26807,
y 27706,28095,28447,28599,28707,28881,28881,28711,28600,28557,28834,29149,29497,29794,29972,30049,
w 200,247,209,228,294,319,360,327,400,331,293,250,231,236,201,200,
t 7035,
g 7263,
m 0,
l 0,
o 0,
worm 02 frame 0007
x 21654,21706,21967,22120,22332,22764,23288,23754,24266,24754,25286,25601,25922,26271,26651,26863,
y 27760,28155,28466,28619,28656,28792,28792,28623,28555,28598,28875,29250,29571,29840,30017,30094,
w 200,211,213,217,258,299,373,327,346,332,292,250,247,268,222,200,
t 7035,
g 7263,
m 0,
l 0,
o 0,
worm 02 frame 0008
x 21660,21677,21821,21965,22130,22317,22766,23282,23776,24280,24762,25294,25609,25901,26273,26636,26840,27037,
y 27754,28151,28295,28439,28577,28685,28744,28653,28610,28498,28583,28860,29236,29584,29820,30030,30125,30160,
w 200,200,200,200,246,286,351,354,315,399,319,308,266,232,254,239,200,200,
t 7035,
g 7263,
m 0,
l 0,
o 0,
worm 02 frame 0009
x 21664,21682,21848,21965,22151,22347,22796,23313,23801,24312,24794,25270,25617,25909,26281,26660,26845,27033,
y 27758,28156,28272,28439,28546,28638,28697,28606,28520,28452,28537,28903,29249,29597,29834,30011,30140,30209,
w 200,232,200,231,251,296,403,394,380,348,353,261,264,274,262,214,200,200,
t 7035,
g 7263,
m 0,
l 0,
o 0,
worm 02 frame 0010
x 21563,21683,21826,21982,22177,22386,22839,23345,23839,24354,24827,25065,25303,25584,25932,26282,26661,26846,
y 27760,28139,28283,28414,28505,28561,28580,28445,28402,28379,28506,28689,28871,29272,29564,29833,30010,30139,
w 200,221,200,244,239,274,385,348,400,372,314,288,261,276,235,261,213,217,
t 7035,
g 7263,
m 0,
l 0,
o 0,
worm 03 frame 0001
x 33735,33610,33194,32866,32585,32352,32229,32356,32600,32917,33304,33774,34034,
y 19422,19723,19895,20223,20590,20994,21453,21928,22350,22763,23060,23122,22922,
w 0,126,250,264,262,267,274,292,320,288,275,127,0,
t 6046,
g 5432,
m 0,
l 0,
o 0,
worm 03 frame 0002
x 33521,33122,32794,32513,32353,32271,32356,32600,32917,33328,
y 19635,19843,20171,20537,20976,21443,21928,22350,22763,23025,
w 200,264,258,253,248,233,275,320,320,277,
t 6046,
g 5432,
m 0,
l 0,
o 0,
worm 03 frame 0003
x 33361,33122,32794,32513,32315,32193,32320,32564,32915,33132,33348,
y 19731,19843,20171,20537,20961,21419,21894,22316,22700,22812,22925,
w 219,264,258,253,269,293,295,320,272,236,200,
t 6046,
g 5432,
m 0,
l 0,
o 0,
worm 03 frame 0004
x 33513,33324,33122,32794,32513,32353,32271,32314,32627,32907,33086,33266,33461,33652,
y 19564,19673,19843,20171,20537,20976,21443,21933,22307,22746,22910,23075,23118,23058,
w 200,213,264,258,253,248,233,315,270,313,300,228,200,200,
t 6046,
g 5432,
m 0,
l 0,
o 0,
worm 03 frame 0005
x 33511,33332,33116,32788,32507,32309,32187,32314,32558,32909,33089,33269,33464,
y 19552,19678,19829,20157,20524,20947,21405,21880,22303,22686,22851,23016,23059,
w 200,222,252,272,241,256,287,259,316,266,259,286,209,
t 6046,
g 5432,
m 0,
l 0,
o 0,
worm 03 frame 0006
x 33544,33390,33150,32822,32541,32344,32261,32347,32591,32870,33064,33296,33491,33691,
y 19551,19706,19817,20145,20512,20935,21402,21887,22309,22748,22896,22969,22926,22989,
w 200,223,276,266,273,264,239,268,296,304,307,265,200,200,
t 6046,
g 5432,
m 0,
l 0,
o 0,
worm 03 frame 0007
x 33547,33380,33178,32822,32541,32344,32221,32306,32550,32867,33060,33277,33461,
y 19537,19678,19847,20145,20512,20935,21393,21878,22300,22713,22861,22974,23050,
w 200,252,270,266,266,264,279,304,320,316,289,213,204,
t 6046,
g 5432,
m 0,
l 0,
o 0,
worm 03 frame 0008
x 33600,33394,33178,32822,32541,32344,32261,32304,32548,32865,33070,33250,33409,
y 19551,19696,19847,20145,20512,20935,21402,21892,22315,22727,22858,23023,23145,
w 200,223,270,274,266,264,239,310,310,316,279,281,200,
t 6046,
g 5432,
m 0,
l 0,
o 0,
worm 03 frame 0009
x 33548,33386,33157,32829,32548,32350,32228,32271,32550,32867,33060,33277,33461,
y 19510,19703,19835,20162,20529,20952,21411,21901,22300,22713,22861,22974,23050,
w 200,228,269,293,305,254,273,271,320,316,289,213,253,
t 6046,
g 5432,
m 0,
l 0,
o 0,
worm 03 frame 0010
x 33595,33376,33160,32832,32584,32316,32234,32319,32563,32880,33073,33267,33435,
y 19553,19679,19830,20158,20548,20931,21398,21882,22304,22717,22865,23014,23121,
w 200,251,281,281,222,252,266,293,313,309,281,252,200,
t 6046,
g 5432,
m 0,
l 0,
o 0,
worm 04 frame 0001
x 59955,60026,59852,59693,59454,59100,58539,58078,57600,57107,56723,56558,56456,56509,56770,
y 27533,27796,28097,28482,28896,29250,29250,29059,28931,28996,29380,29780,30159,30559,30760,
w 0,72,147,216,278,361,300,294,297,343,233,192,204,130,0,
t 5916,
g 6169,
m 0,
l 0,
o 0,
worm 04 frame 0002
x 60044,59798,59606,59403,59082,58521,58060,57582,57086,56701,56469,56435,
y 27806,28052,28421,28855,29238,29238,29046,28918,28940,29324,29689,30080,
w 200,200,239,300,324,289,300,282,360,265,200,235,
t 5916,
g 6169,
m 0,
l 0,
o 0,
worm 04 frame 0003
x 59856,59847,59623,59421,59068,58507,58030,57553,57060,56676,56546,56614,56533,
y 27833,28033,28384,28818,29171,29171,29021,28893,28958,29342,29755,30141,30362,
w 200,200,239,291,319,287,308,312,345,231,212,200,200,
t 5916,
g 6169,
m 0,
l 0,
o 0,
worm 04 frame 0004
x 59857,59633,59431,59077,58517,58040,57553,57060,56644,56479,56444,56309,56292,
y 28027,28378,28811,29165,29165,29015,28929,28994,29343,29743,30134,30327,30526,
w 200,222,256,319,322,318,275,309,248,200,228,200,200,
t 5916,
g 6169,
m 0,
l 0,
o 0,
worm 04 frame 0005
x 59973,59851,59724,59597,59395,59074,58513,58051,57574,57081,56697,56531,56430,56349,56384,56349,
y 27895,28054,28219,28384,28818,29201,29201,29010,28882,28946,29330,29730,30109,30331,30528,30725,
w 200,200,204,208,292,347,299,313,320,354,265,233,254,227,200,200,
t 5916,
g 6169,
m 0,
l 0,
o 0,
worm 04 frame 0006
x 59863,59854,59742,59615,59413,59060,58499,58022,57545,57060,56676,56510,56408,56291,56256,
y 27840,28040,28215,28380,28814,29167,29167,29017,28889,28997,29381,29781,30160,30364,30561,
w 200,200,200,230,299,312,333,308,294,306,252,211,200,200,200,
t 5916,
g 6169,
m 0,
l 0,
o 0,
worm 04 frame 0007
x 59850,59824,59744,59648,59446,59092,58534,58057,57592,57100,56716,56516,56381,56264,56229,56114,
y 27783,27981,28173,28358,28792,29145,29194,29044,28875,28939,29324,29708,30076,30280,30477,30641,
w 200,200,200,255,276,312,301,301,275,329,255,206,220,243,200,200,
t 5916,
g 6169,
m 0,
l 0,
o 0,
worm 04 frame 0008
x 59846,59754,59745,59618,59379,59092,58531,58043,57566,57073,56689,56523,56327,56192,56092,55928,
y 27779,27957,28165,28330,28744,29154,29154,29045,28917,28982,29366,29766,30106,30299,30472,30587,
w 200,200,200,254,230,318,256,350,290,319,250,200,251,200,200,200,
t 5916,
g 6169,
m 0,
l 0,
o 0,
worm 04 frame 0009
x 59735,59744,59681,59554,59453,59352,59065,58505,58017,57568,57076,56692,56526,56301,56183,56115,55973,
y 27795,27995,28194,28359,28575,28792,29202,29202,29094,28885,28949,29334,29734,30055,30259,30447,30588,
w 200,200,219,221,233,245,349,316,299,314,351,234,200,200,200,200,200,
t 5916,
g 6169,
m 0,
l 0,
o 0,
worm 04 frame 0010
x 59746,59683,59621,59501,59400,59079,58527,58050,57572,57080,56696,56496,56330,56163,56063,55899,
y 27896,28095,28293,28501,28717,29100,29198,29047,28919,28984,29368,29752,30108,30274,30448,30562,
w 200,206,209,225,295,268,299,351,290,316,243,248,245,200,200,200,
t 5916,
g 6169,
m 0,
l 0,
o 0,
worm 05 frame 0001
x 34651,35001,35394,35742,36081,36435,36500,36631,37050,37648,38067,38117,
y 29293,29148,28985,28718,28458,28104,27608,27122,26800,26879,26557,26178,
w 0,179,226,238,227,301,300,303,403,329,183,0,
t 6356,
g 5218,
m 0,
l 0,
o 0,
worm 05 frame 0002
x 34610,34960,35354,35723,36038,36422,36487,36617,37007,37308,37610,37833,
y 29198,29053,28890,28655,28366,28044,27549,27063,26705,26718,26732,26590,
w 200,200,245,272,284,282,317,314,361,296,232,216,
t 6356,
g 5218,
m 0,
l 0,
o 0,
worm 05 frame 0003
x 34783,34960,35354,35701,36040,36424,36489,36577,36861,37162,37440,37699,37914,
y 29146,29053,28890,28624,28364,28042,27546,27050,26604,26591,26707,26649,26659,
w 200,200,245,236,285,279,314,306,260,236,211,200,283,
t 6356,
g 5218,
m 0,
l 0,
o 0,
worm 05 frame 0004
x 34680,34858,35251,35640,35955,36365,36473,36604,36925,37227,37521,37779,
y 29144,29052,28889,28686,28398,28110,27622,27136,26717,26704,26769,26712,
w 200,200,242,267,251,302,327,303,389,312,270,277,
t 6356,
g 5218,
m 0,
l 0,
o 0,
worm 05 frame 0005
x 34872,35278,35666,35981,36336,36486,36573,36895,37196,37464,37728,37974,38123,
y 29051,28923,28721,28432,28078,27601,27106,26686,26673,26812,26824,26696,26462,
w 200,237,223,275,295,302,340,347,292,314,324,226,200,
t 6356,
g 5218,
m 0,
l 0,
o 0,
worm 05 frame 0006
x 34797,34997,35390,35738,36098,36420,36355,36568,37014,37308,37609,37844,38031,
y 29041,29033,28870,28603,28374,27990,27494,27038,26754,26819,26832,26710,26506,
w 200,200,255,246,238,333,248,301,400,373,332,255,200,
t 6356,
g 5218,
m 0,
l 0,
o 0,
worm 05 frame 0007
x 34752,34951,35344,35714,36028,36383,36448,36700,37089,37391,37685,37929,
y 29042,29068,28905,28669,28381,28026,27531,27095,26738,26751,26816,26715,
w 200,200,250,272,278,310,250,287,398,274,327,252,
t 6356,
g 5218,
m 0,
l 0,
o 0,
worm 05 frame 0008
x 34764,34964,35357,35727,36042,36426,36491,36621,36943,37244,37512,37774,37974,
y 29034,29043,28880,28645,28356,28034,27538,27052,26633,26646,26785,26751,26597,
w 200,208,239,266,288,282,322,316,336,250,285,305,226,
t 6356,
g 5218,
m 0,
l 0,
o 0,
worm 05 frame 0009
x 34818,35017,35220,35423,35746,36085,36469,36491,36621,36943,37231,37498,37708,
y 29035,29044,28980,28916,28620,28360,28038,27538,27052,26633,26542,26681,26842,
w 200,200,200,200,264,256,333,293,306,273,200,200,321,
t 6356,
g 5218,
m 0,
l 0,
o 0,
worm 05 frame 0010
x 34816,35016,35205,35402,35771,36110,36398,36506,36678,37182,37481,37780,
y 29044,29035,28937,28856,28620,28360,27950,27462,26989,26830,26790,26830,
w 200,236,247,263,279,236,302,301,336,371,291,278,
t 6356,
g 5218,
m 0,
l 0,
o 0,
